382
459
382
249
382
442
503
326
536
537
536
521
539
641
539
537
539
617
539
537
536
537
536
521
536
515
536
529
523
513
511
497
511
507
511
517
511
517
511
507
503
497
503
497
503
497
511
507
523
529
536
537
536
537
536
529
536
537
536
529
523
529
536
529
536
529
523
529
536
529
523
517
511
507
503
497
503
497
492
497
492
488
484
483
492
497
492
497
492
488
484
483
483
478
480
481
480
470
480
479
480
481
482
481
482
482
483
482
484
488
484
488
484
483
483
480
482
480
482
481
480
479
478
479
480
479
478
476
478
476
474
467
461
461
461
467
461
459
458
455
452
450
452
455
452
455
452
455
458
455
452
292
452
259
452
455
458
459
458
455
458
455
458
452
458
456
458
456
458
455
458
456
461
459
458
455
452
455
452
340
452
455
458
455
452
230
452
455
458
455
452
328
452
427
452
450
449
450
449
450
452
328
452
455
452
455
452
455
458
455
458
264
458
427
458
352
458
264
458
375
458
455
458
455
452
451
452
414
452
447
452
346
452
447
450
446
449
449
449
446
450
451
452
451
452
451
452
451
450
449
450
451
450
449
451
450
452
451
451
450
451
451
452
451
452
450
452
451
452
349
452
354
452
450
452
451
452
263
452
347
452
443
452
357
452
455
458
458
458
455
452
455
452
422
452
412
452
355
452
455
458
455
458
455
452
455
452
455
458
458
458
455
452
322
452
284
452
326
452
451
451
451
451
450
450
449
450
450
451
451
451
451
452
347
452
436
452
455
452
455
458
458
458
455
452
326
452
272
452
353
452
329
452
288
452
338
452
349
452
455
458
455
452
229
452
451
451
450
450
449
450
449
449
448
447
445
443
310
443
348
443
443
443
238
443
343
443
443
443
375
443
329
443
445
447
445
443
445
447
448
449
446
449
446
449
448
449
448
447
445
447
448
447
448
449
449
450
450
450
450
451
451
452
349
452
455
458
455
452
370
452
355
452
455
458
458
458
301
458
458
458
458
458
459
460
460
460
459
458
459
458
459
460
459
460
459
458
459
458
459
458
458
458
340
458
341
458
344
458
458
458
256
458
458
458
459
460
459
460
459
458
459
460
459
458
459
458
459
460
460
461
460
460
460
460
459
460
459
460
460
460
460
460
460
461
462
463
467
463
460
463
460
463
460
461
460
461
460
463
462
463
460
463
462
461
462
463
462
461
460
460
459
460
460
461
460
463
467
471
467
463
467
471
468
471
467
463
467
463
460
463
465
471
467
471
467
471
472
471
467
463
467
471
472
474
366
474
475
476
475
474
337
474
474
474
362
474
474
474
307
474
475
476
476
477
476
477
318
477
477
478
477
478
477
477
356
477
361
477
329
477
476
477
476
476
313
476
475
474
361
474
472
471
467
463
462
463
460
463
467
471
472
471
467
474
472
474
467
471
472
474
472
471
467
471
472
474
324
474
472
474
467
471
472
471
472
471
472
471
441
471
467
463
460
463
460
463
460
463
466
471
470
470
470
471
328
471
472
471
472
471
472
471
472
471
468
471
386
471
466
471
467
471
394
471
362
471
467
471
349
471
472
471
472
474
472
474
472
474
363
474
472
471
472
471
343
471
470
470
467
471
467
470
470
470
467
470
467
465
467
465
464
465
467
470
470
471
470
470
467
465
467
470
467
471
243
471
361
471
470
471
470
471
468
470
470
471
349
471
470
471
293
471
472
471
472
471
472
471
472
471
472
471
472
471
472
474
472
474
472
471
472
474
472
474
360
474
472
474
472
474
472
474
472
471
472
471
442
471
471
471
351
471
470
470
467
465
464
463
462
463
464
465
464
463
464
463
464
463
460
461
459
463
464
465
464
465
464
465
467
465
464
465
464
465
466
470
467
465
464
463
464
463
460
461
460
461
460
463
464
463
464
465
465
470
467
465
465
470
466
465
467
470
355
470
470
471
356
471
470
470
450
470
465
470
335
470
467
470
292
470
237
470
470
470
470
470
470
471
345
471
470
471
470
470
470
470
428
470
331
470
244
470
341
470
465
465
467
470
467
470
291
470
469
469
469
470
355
470
470
470
347
470
470
471
348
471
472
471
472
471
246
471
472
471
472
474
355
474
472
474
472
471
459
471
472
471
472
474
472
474
353
474
475
476
475
476
475
474
351
474
475
474
342
474
357
474
310
474
470
474
401
474
475
476
475
476
475
474
475
476
475
476
476
476
475
476
475
474
363
474
472
471
472
474
349
474
475
476
476
476
476
476
475
476
476
476
303
476
257
476
476
476
475
474
475
474
322
474
472
474
353
474
475
476
476
476
469
476
476
476
471
476
476
476
476
477
359
477
477
478
477
478
477
478
478
478
477
477
412
477
327
477
476
477
476
477
328
477
477
477
252
477
362
477
428
477
240
477
361
477
407
477
477
478
478
478
255
478
423
478
478
478
250
478
478
478
478
478
477
478
478
478
348
478
478
478
479
480
363
480
480
481
481
482
365
482
482
483
482
482
367
482
482
482
419
482
482
482
349
482
423
482
481
482
481
482
366
482
481
482
481
482
481
481
480
481
481
482
366
482
375
482
367
482
482
482
482
483
482
482
482
482
482
483
482
482
322
482
481
481
480
481
481
482
481
482
481
481
481
482
481
481
480
481
481
481
481
482
481
482
481
481
480
481
480
481
480
481
480
481
480
481
481
481
481
482
481
481
480
480
296
480
365
480
480
480
335
480
364
480
267
480
479
480
292
480
480
480
480
481
481
482
300
482
481
481
480
481
481
481
480
480
268
480
348
480
366
480
479
478
479
480
479
480
479
480
362
480
363
480
479
480
479
478
478
478
479
480
327
480
353
480
371
480
479
478
479
480
479
480
361
480
480
480
480
481
480
481
481
482
481
481
480
482
481
481
480
480
480
480
480
480
425
480
480
480
480
481
480
481
481
482
481
482
481
481
480
481
480
480
480
481
480
481
480
480
480
481
481
482
481
481
481
482
481
482
363
482
481
481
480
480
480
481
481
482
320
482
365
482
481
481
481
481
481
481
480
481
480
480
480
481
481
482
333
482
482
482
466
482
482
483
482
483
483
483
483
483
483
483
483
483
306
483
483
483
483
483
463
483
483
483
464
483
482
483
483
483
482
483
482
483
483
483
290
483
345
483
483
483
483
483
483
483
483
483
290
483
401
483
474
483
482
482
482
483
482
482
482
482
482
482
482
482
482
482
482
482
482
482
417
482
482
482
482
482
461
482
482
482
482
483
482
482
482
482
482
482
482
483
482
483
483
483
482
483
483
483
482
483
483
483
483
483
483
483
483
483
483
484
483
484
484
485
484
485
484
486
484
485
485
486
367
486
486
487
486
486
247
486
486
487
368
487
487
488
488
488
487
488
487
488
488
489
490
491
489
491
489
491
491
491
260
491
263
491
491
491
491
491
442
491
460
491
288
491
491
491
491
491
491
491
491
491
491
491
491
491
491
491
491
491
491
492
492
492
492
492
491
491
491
492
492
492
492
492
491
491
491
491
491
491
491
491
491
492
491
491
491
491
491
491
491
491
491
491
491
491
365
491
467
491
491
491
491
491
337
491
336
491
491
491
401
491
491
491
489
491
491
491
489
491
491
491
491
491
491
491
491
491
491
491
491
491
491
492
492
492
491
492
491
492
491
492
492
492
492
492
491
491
491
491
491
491
491
491
491
491
252
491
490
489
488
489
488
488
488
489
488
488
488
489
489
489
490
491
491
491
491
491
491
491
491
492
492
493
492
493
492
492
491
492
492
493
371
493
494
495
495
495
494
495
495
495
495
496
495
496
495
495
495
496
496
496
494
495
494
495
494
495
495
496
496
497
496
497
498
497
497
499
497
499
497
499
499
499
499
499
499
499
499
499
271
499
497
499
499
499
497
499
496
497
498
499
497
497
498
497
498
499
498
499
497
499
499
499
499
499
262
499
468
499
488
499
470
499
498
497
497
499
497
499
498
499
498
499
498
497
498
499
497
497
495
497
498
497
498
499
497
499
499
499
498
497
495
497
498
499
499
499
453
499
497
499
499
499
496
499
458
499
499
499
499
499
499
499
499
499
499
499
499
499
444
499
497
499
496
499
498
497
496
497
496
497
495
496
496
497
495
496
495
497
497
499
499
499
496
499
500
501
502
503
502
501
500
499
500
501
500
499
499
499
500
499
500
499
500
499
499
499
499
499
423
499
499
499
500
501
500
501
502
503
378
503
379
503
504
505
504
503
504
503
416
503
379
503
379
503
504
505
505
505
418
505
504
505
380
505
380
505
504
503
504
503
504
505
504
505
504
505
504
505
504
503
504
503
504
503
269
503
502
501
500
499
499
499
499
499
311
499
499
499
499
499
499
499
499
499
500
501
502
501
502
501
502
503
502
503
502
503
502
503
502
503
321
503
502
503
378
503
469
503
504
503
467
503
379
503
290
503
504
505
504
505
504
505
505
505
288
505
267
505
505
505
504
503
504
505
504
505
505
505
505
505
505
505
505
505
505
505
376
505
505
505
505
505
505
505
505
505
505
505
505
505
374
505
505
505
505
505
505
505
505
505
505
505
505
505
505
505
505
505
505
505
505
505
505
505
505
505
505
505
505
505
505
505
505
505
505
506
506
506
505
505
505
506
506
506
506
506
506
506
506
507
506
507
506
506
506
506
506
507
506
507
506
507
392
507
506
507
507
507
506
506
506
507
507
507
506
507
506
507
507
507
507
507
507
507
506
506
506
507
507
507
507
507
506
507
506
507
506
507
506
507
506
507
506
507
506
507
507
507
507
507
507
507
506
507
485
507
506
507
506
507
506
507
507
507
507
507
507
508
352
508
508
508
432
508
507
507
507
507
507
507
507
507
507
508
306
508
383
508
446
508
385
508
348
508
491
508
508
508
508
509
508
509
509
509
508
508
508
509
509
510
509
510
509
509
508
509
509
510
509
509
508
509
509
509
509
509
508
508
337
508
508
508
440
508
507
508
507
508
372
508
508
509
508
508
454
508
507
508
274
508
342
508
385
508
508
508
385
508
508
508
349
508
403
508
508
509
509
509
508
509
508
508
337
508
508
509
508
508
506
508
385
508
357
508
507
508
507
507
507
507
468
507
507
507
507
508
362
508
418
508
363
508
434
508
508
508
508
509
509
509
508
509
508
509
509
510
509
509
508
508
491
508
309
508
507
507
507
507
507
507
507
507
507
508
349
508
508
509
509
509
509
510
510
510
509
510
509
509
508
509
508
509
509
510
510
511
509
511
510
511
509
510
509
510
509
510
509
509
508
509
508
509
508
508
342
508
507
508
382
508
508
509
509
509
508
509
509
510
509
510
509
510
509
509
508
509
508
508
330
508
385
508
413
508
508
509
508
509
508
508
278
508
508
509
509
510
509
509
509
510
510
510
509
510
510
511
509
510
510
510
510
511
509
510
509
511
510
510
509
509
509
509
508
509
508
509
509
510
510
511
510
511
380
511
511
511
511
511
511
511
511
511
408
511
509
510
510
510
509
509
508
508
508
508
438
508
508
508
384
508
508
509
508
509
508
508
503
508
326
508
508
508
467
508
385
508
507
508
507
507
507
508
383
508
277
508
384
508
508
509
509
510
509
509
509
510
509
510
509
509
508
509
509
510
510
511
511
511
511
511
511
511
509
511
509
510
509
509
508
508
508
509
508
509
509
510
510
511
385
511
448
511
510
511
511
511
511
511
511
511
511
511
511
511
511
511
511
511
511
511
511
511
511
511
511
511
511
511
511
511
511
511
511
511
510
511
511
511
511
511
511
511
511
511
511
511
511
511
511
511
511
511
511
511
511
511
511
511
511
511
511
511
511
511
510
511
510
511
510
511
511
511
510
511
511
511
511
511
511
511
511
511
511
511
511
511
511
511
510
511
511
511
511
511
511
511
511
511
511
511
510
511
511
511
511
511
511
511
511
511
511
511
511
511
511
511
511
511
511
511
511
511
511
511
511
511
511
511
511
511
511
511
511
511
511
511
511
511
511
511
511
511
511
511
511
511
511
511
511
512
511
512
511
512
511
511
511
511
511
511
511
512
511
512
511
512
511
512
511
512
511
512
511
512
511
512
511
511
511
511
511
511
511
511
511
511
511
512
511
512
511
511
511
511
511
511
511
511
511
511
511
511
511
511
511
512
511
512
512
512
512
512
512
513
512
513
512
512
512
513
513
513
512
513
513
513
512
513
512
513
513
513
512
513
512
513
512
513
513
513
513
513
513
514
514
514
387
514
379
514
514
514
514
514
514
514
380
514
514
514
514
514
514
514
514
514
513
514
513
513
513
514
513
514
513
514
514
514
513
514
380
514
514
514
513
513
513
514
514
514
514
514
514
514
513
513
513
514
513
514
514
514
513
513
513
514
514
514
353
514
514
514
514
514
514
514
514
514
514
514
514
514
514
514
514
514
514
514
514
514
513
514
514
514
514
514
514
514
386
514
451
514
514
514
514
514
338
514
514
514
514
514
514
514
514
514
514
514
514
514
514
514
337
514
514
514
514
514
513
514
514
514
514
514
514
514
513
513
513
513
513
513
513
513
513
513
513
513
513
514
514
514
512
514
386
514
344
514
514
514
514
514
514
514
514
514
514
514
514
514
514
515
514
515
514
515
514
515
386
515
374
515
515
515
515
515
515
515
515
516
515
515
515
515
515
515
515
515
515
515
515
516
515
515
515
516
516
516
516
516
516
516
515
515
515
515
515
515
515
515
515
515
515
515
514
515
514
515
515
515
515
515
515
515
454
515
514
515
514
514
514
514
514
514
514
514
514
514
341
514
514
514
359
514
514
514
514
514
514
514
514
514
513
514
514
514
386
514
514
514
514
514
513
513
513
513
513
513
513
513
513
514
514
514
383
514
514
514
514
514
514
514
513
514
513
514
513
514
513
513
513
513
288
513
512
513
437
513
305
513
513
513
513
513
513
513
513
514
514
514
513
513
513
513
513
513
513
513
513
513
513
513
513
513
513
513
513
513
513
513
513
513
432
513
513
513
513
513
513
513
513
513
513
513
513
513
513
513
513
513
430
513
513
513
513
513
513
513
513
513
513
514
514
514
514
514
514
514
450
514
514
514
513
513
513
514
513
513
513
514
513
513
513
513
513
513
513
513
513
513
513
514
513
513
513
513
437
513
512
513
512
512
512
513
512
513
269
513
512
513
512
512
512
512
512
512
290
512
512
512
381
512
512
512
340
512
511
512
511
512
344
512
511
512
511
511
511
511
511
511
511
512
511
511
511
511
511
511
511
511
511
511
511
511
511
511
511
511
511
511
511
511
511
511
511
511
511
512
511
512
511
511
511
512
511
511
511
512
511
511
511
511
511
511
511
512
511
511
511
511
511
512
511
512
511
512
511
512
511
512
511
512
511
512
511
512
511
512
511
512
511
511
511
511
511
512
511
511
511
511
511
511
511
511
511
511
511
511
511
511
511
511
511
511
511
511
511
511
511
511
511
511
511
511
511
511
511
511
511
511
511
511
511
511
511
511
511
511
511
511
511
511
511
511
511
511
511
511
511
511
511
511
511
511
511
511
511
511
511
511
510
511
511
511
511
511
511
511
511
511
511
511
511
511
511
511
511
511
511
512
511
512
512
512
511
512
511
512
511
512
511
512
383
512
511
512
511
512
511
512
511
512
511
512
383
512
330
512
383
512
512
512
512
513
512
513
512
513
512
512
512
512
512
513
512
513
512
512
512
512
512
512
512
512
512
513
512
513
512
512
512
512
512
512
512
512
512
512
512
512
512
512
512
512
511
512
511
512
511
512
511
512
511
512
511
512
511
512
511
512
511
512
358
512
512
512
512
512
383
512
361
512
383
512
512
512
500
512
511
512
511
512
511
511
511
511
511
511
511
511
511
511
511
511
511
511
511
512
511
512
511
512
511
511
511
511
511
512
511
512
511
512
511
511
511
511
511
511
511
511
511
511
511
512
511
512
437
512
417
512
383
512
512
512
512
512
512
512
512
512
512
512
512
512
512
513
512
513
512
513
512
513
512
513
512
512
512
512
512
512
512
512
512
512
512
512
512
512
512
512
512
512
512
512
512
512
511
512
511
512
511
512
511
512
511
512
512
512
511
512
511
512
511
512
318
512
512
512
512
512
511
512
511
512
512
512
511
512
502
512
511
512
511
512
511
512
383
512
512
512
512
512
512
512
462
512
511
512
511
512
511
511
511
511
511
511
511
511
511
511
511
511
510
511
510
511
511
511
511
511
511
511
511
511
511
511
511
511
511
511
511
511
511
511
511
511
510
511
511
511
510
511
510
510
510
511
511
511
510
511
511
511
511
511
511
511
511
511
511
511
511
511
511
511
511
511
511
511
510
511
510
511
383
511
510
510
510
510
399
510
259
510
303
510
510
510
510
510
333
510
510
510
510
510
510
511
510
510
510
510
510
510
510
510
510
510
510
511
511
511
511
511
511
511
510
511
510
511
511
511
511
511
511
511
511
512
511
512
511
512
511
511
511
511
511
511
511
511
511
511
511
511
511
511
511
511
511
511
511
512
511
511
511
511
511
511
511
511
511
511
511
511
511
511
511
511
511
511
358
511
372
511
511
511
511
511
511
511
511
511
511
511
511
511
511
511
511
511
299
511
383
511
372
511
510
511
511
511
373
511
511
511
381
511
511
511
510
511
383
511
511
511
382
511
511
511
511
511
511
511
511
511
511
511
511
511
511
511
511
511
511
511
511
511
350
511
363
511
511
511
511
511
511
511
511
511
511
512
511
512
511
511
511
512
511
511
511
511
511
511
511
511
511
511
511
511
511
511
511
511
511
511
511
511
511
511
511
511
511
511
511
511
511
511
510
511
434
511
511
511
510
511
510
511
511
511
382
511
383
511
511
511
510
511
382
511
511
511
347
511
511
511
511
511
382
511
382
511
511
511
511
511
511
511
511
511
511
511
511
511
511
511
511
511
511
511
511
511
511
511
511
511
510
511
372
511
510
511
511
511
400
511
510
511
383
511
308
511
511
511
511
511
511
511
511
511
511
511
511
511
511
511
511
511
511
511
510
511
367
511
511
511
510
511
511
511
510
510
510
511
510
510
510
510
510
510
510
510
510
510
430
510
510
510
509
510
510
510
509
510
389
510
509
510
509
510
510
510
339
510
509
510
509
510
510
510
510
510
510
510
510
510
509
510
382
510
510
510
510
510
510
510
510
510
510
510
382
510
510
510
509
509
509
509
509
509
509
510
510
510
382
510
386
510
509
509
509
509
509
510
509
509
509
509
509
509
509
509
267
509
508
509
509
509
508
509
508
509
509
509
509
509
348
509
508
508
508
508
508
508
328
508
507
508
507
508
507
507
507
507
507
507
254
507
506
506
506
507
506
507
506
507
506
506
506
506
506
506
506
506
506
506
506
506
506
507
506
507
506
507
506
507
371
507
506
507
506
507
311
507
507
507
491
507
506
507
506
507
506
507
506
507
506
506
506
506
506
506
506
506
506
506
506
506
506
506
506
507
506
506
506
507
506
507
506
507
507
507
507
507
507
507
507
507
507
508
507
507
507
507
507
508
508
508
508
508
508
508
508
509
508
508
508
508
508
508
508
509
508
508
508
508
508
508
508
508
508
508
508
508
508
508
508
508
508
509
508
508
508
508
408
508
508
508
508
508
508
508
508
508
508
508
508
508
508
509
508
508
508
508
508
508
508
508
508
508
508
508
508
508
508
508
508
508
508
508
408
508
507
508
507
507
507
507
507
508
507
507
507
507
441
507
506
506
506
506
506
507
506
507
506
506
506
506
506
506
506
506
506
506
506
506
506
506
332
506
506
506
375
506
506
506
506
506
506
506
506
506
506
507
506
506
506
507
506
507
507
507
507
507
507
507
507
507
507
507
507
507
507
508
508
508
508
508
507
508
508
508
508
508
508
508
508
508
508
508
508
508
508
508
318
508
271
508
507
508
508
508
507
507
507
507
441
507
506
507
506
507
506
507
342
507
507
507
507
507
507
508
508
508
507
508
508
508
508
508
508
509
508
508
508
508
508
508
508
509
508
508
508
508
358
508
323
508
469
508
262
508
508
508
508
509
509
509
509
509
381
509
509
509
509
509
509
509
509
509
381
509
509
509
509
509
509
509
509
509
376
509
509
509
509
509
509
509
509
509
509
509
509
509
509
509
509
509
509
509
509
509
509
509
509
509
509
509
509
510
509
510
504
510
509
510
509
509
509
509
509
510
509
510
509
510
509
510
509
510
509
509
509
509
509
509
509
509
509
509
509
509
509
509
509
509
509
509
508
508
508
508
494
508
508
508
508
508
361
508
508
508
508
508
508
508
508
508
508
508
508
509
508
509
509
509
509
509
508
509
508
509
509
509
381
509
509
509
509
510
509
510
509
510
509
509
509
509
509
509
508
509
508
509
508
508
508
509
508
508
508
508
408
508
508
508
507
507
507
507
507
507
507
508
508
508
280
508
496
508
507
508
508
508
508
508
508
508
508
508
508
508
506
508
507
507
507
507
507
507
507
507
507
508
507
507
507
508
508
508
507
507
507
507
507
507
494
507
339
507
473
507
423
507
506
506
506
506
506
507
506
506
506
506
506
506
506
507
506
507
506
506
506
506
506
506
506
507
506
507
506
507
506
506
506
507
506
507
507
507
507
507
507
507
507
508
508
508
507
508
361
508
508
508
507
507
507
508
507
508
507
507
507
508
508
508
508
508
508
508
446
508
507
507
507
508
508
508
508
508
508
508
508
508
508
508
508
508
508
508
290
508
508
508
507
508
507
508
507
507
507
507
507
507
507
507
507
507
507
508
508
508
508
508
508
508
508
508
508
508
508
508
508
508
508
508
508
508
508
508
508
509
509
509
509
509
508
508
508
508
474
508
508
508
508
508
508
508
508
508
508
508
508
508
493
508
392
508
405
508
508
508
362
508
508
508
293
508
508
508
508
508
507
508
508
509
508
509
508
509
508
508
508
508
503
508
324
508
508
508
508
508
507
508
508
508
404
508
508
508
508
508
508
509
509
509
509
509
509
509
382
509
509
509
509
509
509
510
509
510
509
510
382
510
510
510
510
510
510
510
510
510
510
510
510
510
509
510
509
510
509
510
509
510
509
510
509
510
509
510
509
509
509
509
509
509
509
510
509
510
509
510
509
510
509
510
510
510
510
510
510
510
509
510
509
509
509
510
509
510
382
510
509
510
510
510
510
510
510
510
509
510
509
509
509
510
509
510
509
510
477
510
510
510
510
510
510
510
510
510
510
510
510
510
509
510
509
510
509
509
509
509
509
509
509
509
509
509
494
509
509
509
509
509
508
508
508
508
508
508
508
509
509
509
509
509
508
509
508
508
508
508
413
508
508
508
507
508
507
508
508
508
381
508
508
508
507
508
508
508
507
508
508
508
507
508
507
507
507
508
508
508
508
508
380
508
508
508
270
508
508
508
508
509
508
509
508
509
508
508
508
509
508
508
508
509
508
508
508
508
508
508
508
508
508
509
508
509
508
509
508
509
381
509
509
509
509
509
509
509
509
509
509
509
509
509
509
509
382
509
282
509
509
509
509
509
509
509
509
509
509
509
509
509
508
509
508
508
508
508
508
508
508
508
508
508
508
508
357
508
508
508
289
508
301
508
381
508
508
508
508
508
508
508
508
508
508
508
508
508
508
508
508
509
508
508
508
508
508
508
508
509
508
508
508
508
508
509
508
508
508
508
508
509
508
509
508
509
508
508
508
508
508
508
508
508
508
508
508
508
508
508
508
508
508
508
507
508
508
508
507
507
507
507
443
507
498
507
506
507
506
506
506
506
506
506
506
506
506
506
506
506
506
506
506
506
506
506
506
506
506
506
379
506
379
506
506
506
506
506
506
506
506
506
505
505
505
506
506
506
506
506
505
505
505
505
505
505
505
505
505
505
505
505
505
505
505
505
505
505
505
505
505
505
505
505
505
505
505
505
505
505
505
505
505
505
505
505
505
505
505
505
505
505
505
505
505
505
505
505
505
505
505
505
505
505
505
505
504
505
504
505
504
505
504
505
504
505
504
505
504
504
504
505
504
504
504
504
504
504
504
504
378
504
347
504
323
504
504
504
504
504
504
505
505
505
505
505
504
504
504
504
504
504
367
504
504
504
504
504
504
504
504
504
504
504
504
504
504
504
504
504
504
504
503
503
503
503
503
503
503
503
503
503
503
503
503
503
503
503
503
503
503
503
503
503
503
503
377
503
503
503
503
503
503
503
503
503
503
503
503
503
503
503
503
503
503
503
503
503
377
503
503
503
503
503
503
503
503
503
503
503
503
503
503
503
503
503
503
503
503
503
503
503
503
503
503
504
503
503
503
503
503
503
503
503
503
503
503
503
503
503
503
503
503
503
502
501
502
503
502
503
502
503
502
503
502
501
501
501
502
503
502
501
501
501
501
501
501
501
501
501
501
501
365
501
501
501
501
501
501
501
410
501
501
501
501
501
376
501
501
501
501
501
501
501
500
500
500
500
500
500
500
500
500
500
499
499
499
500
499
499
499
499
499
499
499
500
500
501
500
500
500
501
501
501
489
501
500
500
500
500
500
500
500
501
500
500
499
499
499
499
499
499
499
499
499
499
499
499
499
499
499
499
499
499
499
499
499
499
499
499
499
499
499
499
499
499
499
499
499
499
499
499
499
499
498
499
498
498
498
498
498
498
498
498
498
498
498
498
498
498
498
498
498
498
498
498
498
498
375
498
276
498
497
498
498
498
344
498
498
498
498
498
498
498
497
498
498
498
498
498
498
498
431
498
400
498
374
498
436
498
497
497
497
497
497
497
301
497
497
497
497
497
497
497
497
497
497
497
497
498
497
498
498
498
374
498
497
497
497
497
497
497
294
497
273
497
496
496
496
496
496
497
496
497
496
496
496
496
496
496
496
496
496
496
495
496
343
496
496
496
273
496
365
496
284
496
496
496
496
496
495
496
495
496
495
496
495
496
372
496
354
496
364
496
373
496
496
496
495
496
372
496
340
496
496
496
294
496
495
496
495
496
372
496
496
496
496
496
496
496
426
496
495
496
495
496
495
496
495
496
495
495
495
495
495
495
495
495
495
495
495
495
494
495
494
494
494
494
494
494
494
494
494
494
494
494
494
494
494
494
494
494
494
494
494
494
494
495
494
495
494
495
494
494
494
494
494
494
494
494
494
494
494
494
494
494
494
494
494
494
494
494
494
494
494
494
494
494
494
494
494
494
494
494
494
494
494
494
494
494
494
494
493
494
493
493
493
493
493
493
493
493
493
493
493
493
493
493
493
493
493
493
493
493
493
493
493
493
493
493
493
493
493
493
493
494
493
493
493
493
493
493
493
493
493
493
493
493
493
493
493
493
493
493
493
493
493
493
493
493
493
493
493
493
493
493
493
493
493
493
493
493
493
493
493
493
493
493
493
494
494
494
494
494
494
494
494
494
494
494
494
494
494
494
494
494
494
494
494
494
494
494
493
494
494
494
494
494
494
494
494
494
494
494
494
494
494
494
494
494
494
494
494
494
494
494
494
494
494
494
494
494
494
494
494
494
493
494
494
494
494
494
494
494
494
494
494
494
494
494
494
494
494
494
494
494
494
494
494
494
494
494
494
494
494
494
494
494
493
493
493
493
493
493
493
493
493
493
493
493
493
493
493
493
493
493
493
493
493
493
493
493
493
493
493
494
493
494
494
494
494
494
493
494
493
494
493
493
493
493
493
493
493
493
493
493
493
494
493
493
493
493
493
493
493
493
493
493
493
493
493
493
493
493
493
493
493
493
493
493
493
494
494
494
494
494
494
494
494
494
494
494
381
494
493
493
493
493
493
493
493
494
494
494
494
494
494
494
493
493
493
493
493
493
493
494
494
494
494
494
494
494
494
494
494
494
494
494
494
494
493
494
493
494
494
494
493
494
494
494
494
494
494
494
493
494
493
494
494
494
494
494
494
494
494
494
494
494
494
494
494
494
494
494
494
494
494
494
494
494
494
494
494
494
494
494
494
494
494
494
494
494
392
494
494
494
493
494
494
494
493
494
493
494
494
494
494
494
494
494
493
494
494
494
493
493
493
493
493
493
493
493
493
493
493
493
493
493
493
493
493
493
493
493
493
493
493
493
493
493
493
493
493
493
493
493
493
493
493
493
493
493
493
493
493
493
493
493
493
493
493
493
493
493
493
493
493
493
493
493
493
493
493
493
493
493
493
493
493
493
493
493
493
493
493
493
493
493
493
493
493
493
493
493
493
493
493
493
493
493
493
493
493
493
493
493
493
493
493
493
493
493
493
493
493
493
493
493
493
493
493
493
493
493
493
493
493
493
493
493
493
493
493
493
493
493
493
493
493
494
494
494
493
494
493
494
494
494
493
494
493
494
494
494
493
494
493
494
494
494
494
494
494
494
494
494
493
494
494
494
493
494
494
494
494
494
493
494
494
494
494
494
493
494
493
494
493
494
493
494
494
494
494
494
494
494
494
494
493
493
493
494
494
494
494
494
494
494
494
494
493
494
493
493
493
494
494
494
493
493
493
494
493
493
493
493
493
493
493
493
493
493
493
493
493
493
493
493
493
493
493
493
493
493
493
493
493
493
493
493
493
493
493
493
493
493
493
493
493
493
493
493
493
493
493
493
493
493
493
493
493
494
493
493
493
493
493
493
493
493
493
493
493
493
493
493
493
493
493
493
493
493
493
494
493
494
493
493
493
493
493
493
493
494
494
494
493
494
493
494
468
494
422
494
494
494
494
494
494
494
494
494
494
494
494
494
494
494
494
494
494
494
494
494
494
494
494
494
494
494
494
494
494
494
494
494
494
494
494
494
494
494
494
494
494
494
494
494
494
494
493
494
494
494
494
494
493
493
493
493
493
493
493
493
493
493
493
493
493
493
493
493
493
493
493
493
493
493
493
493
493
493
493
493
493
493
493
493
493
494
494
494
493
494
494
494
493
494
493
493
493
494
493
493
493
493
493
493
493
493
493
493
493
493
493
493
493
493
493
493
493
493
493
493
493
493
493
493
493
493
493
493
493
493
493
493
493
493
493
493
493
493
493
