1 2
79605 256359
923378 995289 927224
964536 994182 357264
4 0
528005 562991
202299 862624
65954 431983
820798 869954
4 0
422364 761696
952672 954943
994775 998813
637936 776903
4 3
774481 834708
297270 601398
139492 288558
180892 996530
98789 116978 650329
626794 951884 370642
458628 781292 573184
2 0
587791 884830
63208 439380
1 1
668363 691124
359157 540314 687586
1 1
281785 639064
828058 986855 187203
2 3
285254 360489
758483 978839
989819 991983 890487
768786 939504 687936
928130 955296 610345
4 1
519777 680468
631096 980779
108713 416252
897669 977731
80016 878096 701047
4 2
887459 905001
710144 930003
230827 605905
603261 702038
115476 372402 509626
335330 675107 955781
3 3
982895 999124
344917 403033
255302 294245
841165 998276 972055
578884 848772 152585
279877 389495 788989
2 0
17386 775089
933557 986346
3 4
119987 366140
699131 917366
726279 750120
598291 864260 156037
222497 337395 888601
477800 560740 729975
201417 584745 827108
0 0
